0.0080772	0.000693841	1101	184.5	76.5	0	0	1.93293	1.61661	615	0	0.130303	0	20	20
0.00823777	0.000724374	1170.06	184.391	76.4694	50.3306	16.9612	1.82209	1.61661	615	0	-0.445322	0	20	20
0.0084011	0.000793332	1304.76	184.281	76.4339	147.617	50.0754	1.71788	1.61661	615	0	-1.41297	0	20	20
0.00845154	0.000866727	1434.29	184.168	76.3927	241.725	82.429	1.6873	1.61661	615	0	-2.16017	0	20	20
0.00844337	0.000941464	1558.49	184.054	76.3448	332.761	114.04	1.69221	1.61661	615	0	-2.74733	0	20	20
0.00840446	0.00101612	1677.71	183.937	76.2893	420.833	144.926	1.71582	1.61661	615	0	-3.21902	0	20	20
0.00834867	0.00109015	1792.52	183.818	76.2249	506.048	175.109	1.75044	1.61661	615	0	-3.60651	0	20	20
0.00828325	0.00116335	1903.42	183.698	76.1502	588.518	204.609	1.79224	1.61661	615	0	-3.93133	0	20	20
0.00821222	0.00123568	2010.8	183.575	76.0636	668.354	233.449	1.83916	1.61661	615	0	-4.20841	0	20	20
0.00813792	0.00130709	2114.97	183.45	75.9633	745.675	261.656	1.88999	1.61661	615	0	-4.44837	0	20	20
0.00806182	0.00137759	2216.14	183.323	75.847	820.601	289.255	1.94402	1.61661	615	0	-4.65892	0	20	20
0.0079848	0.00144719	2314.52	183.193	75.7124	893.26	316.278	2.00082	1.61661	615	0	-4.84582	0	20	20
0.00790746	0.00151592	2410.26	183.061	75.5566	963.782	342.757	2.06011	1.61661	615	0	-5.01346	0	20	20
0.00783014	0.00158382	2503.54	182.927	75.3764	1032.31	368.727	2.12174	1.61661	615	0	-5.16531	0	20	20
0.00775307	0.00165096	2594.55	182.791	75.1681	1098.99	394.228	2.18565	1.61661	615	0	-5.30408	0	20	20
0.00767634	0.00171742	2683.45	182.652	74.9275	1163.97	419.303	2.25184	1.61661	615	0	-5.43193	0	20	20
0.00759999	0.00178331	2770.46	182.511	74.6499	1227.43	443.999	2.32039	1.61661	615	0	-5.55066	0	20	20
0.00752398	0.00184875	2855.79	182.368	74.33	1289.54	468.367	2.39143	1.61661	615	0	-5.66175	0	20	20
0.00744825	0.00191388	2939.67	182.222	73.9617	1350.49	492.462	2.46512	1.61661	615	0	-5.76643	0	20	20
0.00737268	0.00197888	3022.34	182.073	73.5383	1410.47	516.346	2.5417	1.61661	615	0	-5.86576	0	20	20
0.00729713	0.00204391	3104.06	181.922	73.0526	1469.69	540.081	2.62147	1.61661	615	0	-5.96066	0	20	20
0.00722144	0.00210919	3185.1	181.768	72.4961	1528.37	563.736	2.70476	1.61661	615	0	-6.05193	0	20	20
0.00714543	0.00217493	3265.76	181.612	71.8602	1586.72	587.382	2.792	1.61661	615	0	-6.14026	0	20	20
0.0070689	0.00224135	3346.31	181.453	71.1353	1644.99	611.092	2.88366	1.61661	615	0	-6.22626	0	20	20
0.00699167	0.0023087	3427.04	181.291	70.3111	1703.39	634.941	2.98028	1.61661	615	0	-6.31047	0	20	20
0.00691354	0.00237721	3508.24	181.127	69.3773	1762.14	659	3.08247	1.61661	615	0	-6.39337	0	20	20
0.00683432	0.00244711	3590.17	180.959	68.323	1821.45	683.337	3.19091	1.61661	615	0	-6.47535	0	20	20
0.00675387	0.00251861	3673.04	180.789	67.1377	1881.49	708.013	3.3063	1.61661	615	0	-6.55675	0	20	20
0.00667205	0.00259189	3757.06	180.616	65.8111	1942.41	733.076	3.42943	1.61661	615	0	-6.63783	0	20	20
0.00658881	0.00266709	3842.32	180.44	64.3342	2004.3	758.559	3.56106	1.61661	615	0	-6.71876	0	20	20
0.00650412	0.00274425	3928.87	180.261	62.6995	2067.2	784.474	3.70199	1.61661	615	0	-6.79964	0	20	20
0.00641805	0.00282337	4016.64	180.079	60.9015	2131.04	810.804	3.85292	1.61661	615	0	-6.88045	0	20	20
0.00633077	0.00290431	4105.43	179.894	58.9379	2195.7	837.503	4.01448	1.61661	615	0	-6.9611	0	20	20
0.00624254	0.00298684	4194.91	179.706	56.8097	2260.93	864.488	4.18712	1.61661	615	0	-7.04137	0	20	20
0.00615373	0.00307056	4284.61	179.514	54.5225	2326.36	891.636	4.37104	1.61661	615	0	-7.12095	0	20	20
0.00606481	0.00315495	4373.91	179.32	52.086	2391.52	918.785	4.56612	1.61661	615	0	-7.19944	0	20	20
0.00597638	0.00323934	4462.02	179.122	49.5151	2455.84	945.737	4.77184	1.61661	615	0	-7.27634	0	20	20
0.00588909	0.00332294	4548.07	178.921	46.8297	2518.63	972.257	4.98719	1.61661	615	0	-7.3511	0	20	20
0.00580369	0.00340484	4631.07	178.717	44.0538	2579.15	998.084	5.2106	1.61661	615	0	-7.42311	0	20	20
0.00572095	0.00348406	4709.97	178.509	41.2153	2636.6	1022.94	5.43997	1.61661	615	0	-7.49173	0	20	20
0.00564158	0.00355961	4783.73	178.297	38.3448	2690.21	1046.56	5.67281	1.61661	615	0	-7.5565	0	20	20
0.0055658	0.00363072	4851.37	178.083	35.4743	2739.21	1068.65	5.90769	1.61661	615	0	-7.61806	0	20	20
0.00549457	0.00369635	4911.96	177.864	32.6358	2782.93	1088.98	6.14042	1.61661	615	0	-7.67519	0	20	20
0.00542857	0.00375566	4964.76	177.643	29.8599	2820.77	1107.33	6.36715	1.61661	615	0	-7.72728	0	20	20
0.00536834	0.00380794	5009.19	177.417	27.1745	2852.32	1123.53	6.58385	1.61661	615	0	-7.77373	0	20	20
0.00531431	0.00385265	5044.84	177.188	24.6037	2877.27	1137.47	6.78672	1.61661	615	0	-7.81409	0	20	20
0.00526668	0.00388949	5071.55	176.955	22.1672	2895.49	1149.08	6.97252	1.61661	615	0	-7.84816	0	20	20
0.00522552	0.00391832	5089.33	176.718	19.8799	2907	1158.34	7.13856	1.61661	615	0	-7.87583	0	20	20
0.0051907	0.00393923	5098.36	176.478	17.7517	2911.95	1165.28	7.2832	1.61661	615	0	-7.89729	0	20	20
0.00516205	0.00395241	5099	176.233	15.7881	2910.61	1169.98	7.40514	1.61661	615	0	-7.91261	0	20	20
0.00513934	0.00395819	5091.72	175.985	13.9901	2903.36	1172.54	7.50375	1.61661	615	0	-7.92189	0	20	20
0.00512054	0.00395776	5077.1	175.733	12.3554	2890.62	1173.1	7.58671	1.61661	615	0	-7.90625	0	20	20
0.00510523	0.00395165	5055.78	175.476	10.8785	2872.87	1171.8	7.65514	1.61661	615	0	-7.86653	0	20	20
0.00509305	0.00394041	5028.42	175.216	9.55195	2850.62	1168.8	7.71023	1.61661	615	0	-7.80528	0	20	20
0.00508368	0.00392455	4995.69	174.951	8.36659	2824.38	1164.26	7.75291	1.61661	615	0	-7.72489	0	20	20
0.00507679	0.00390461	4958.25	174.683	7.31231	2794.64	1158.35	7.78455	1.61661	615	0	-7.62796	0	20	20
0.00507208	0.00388107	4916.71	174.41	6.37848	2761.87	1151.21	7.80623	1.61661	615	0	-7.51682	0	20	20
0.00506928	0.00385441	4871.65	174.132	5.55436	2726.53	1142.99	7.81919	1.61661	615	0	-7.39376	0	20	20
0.00506812	0.00382506	4823.62	173.851	4.8294	2689.02	1133.83	7.82456	1.61661	615	0	-7.26086	0	20	20
0.00506839	0.00379341	4773.09	173.565	4.19349	2649.7	1123.84	7.82329	1.61661	615	0	-7.11997	0	20	20
0.00506985	0.00375983	4720.5	173.274	3.63707	2608.92	1113.15	7.81654	1.61661	615	0	-6.97286	0	20	20
0.00507237	0.0037246	4666.23	172.979	3.15127	2566.97	1101.85	7.8049	1.61661	615	0	-6.82088	0	20	20
0.00507573	0.00368804	4610.61	172.68	2.72794	2524.1	1090.03	7.78942	1.61661	615	0	-6.66547	0	20	20
0.00507983	0.00365036	4553.95	172.376	2.35965	2480.53	1077.76	7.77055	1.61661	615	0	-6.50763	0	20	20
0.00508455	0.00361178	4496.49	172.067	2.03971	2436.47	1065.13	7.74896	1.61661	615	0	-6.34835	0	20	20
0.00508975	0.00357248	4438.45	171.753	1.76213	2392.08	1052.18	7.7252	1.61661	615	0	-6.18847	0	20	20
0.00509541	0.00353262	4380.02	171.435	1.52155	2347.49	1038.96	7.69952	1.61661	615	0	-6.02856	0	20	20
0.00510137	0.00349234	4321.36	171.112	1.31324	2302.83	1025.53	7.67257	1.61661	615	0	-5.86935	0	20	20
0.00510763	0.00345173	4262.6	170.784	1.13301	2258.2	1011.92	7.64438	1.61661	615	0	-5.71115	0	20	20
0.00511412	0.0034109	4203.85	170.451	0.977206	2213.69	998.166	7.61531	1.61661	615	0	-5.55441	0	20	20
0.00512078	0.00336994	4145.21	170.114	0.842585	2169.35	984.293	7.58563	1.61661	615	0	-5.39946	0	20	20
0.00512762	0.00332889	4086.76	169.771	0.726331	2125.26	970.327	7.55532	1.61661	615	0	-5.24646	0	20	20
0.00513455	0.00328784	4028.55	169.423	0.625985	2081.45	956.29	7.52475	1.61661	615	0	-5.09572	0	20	20
0.0051416	0.00324681	3970.66	169.07	0.539403	2037.97	942.199	7.49386	1.61661	615	0	-4.94733	0	20	20
0.00514875	0.00320584	3913.11	168.712	0.464724	1994.84	928.071	7.46267	1.61661	615	0	-4.80137	0	20	20
0.00515593	0.00316498	3855.95	168.348	0.400329	1952.1	913.919	7.43154	1.61661	615	0	-4.65806	0	20	20
0.0051632	0.00312424	3799.22	167.98	0.344818	1909.76	899.755	7.40021	1.61661	615	0	-4.51734	0	20	20
0.00517053	0.00308365	3742.92	167.606	0.296973	1867.84	885.589	7.36876	1.61661	615	0	-4.37928	0	20	20
0.00517789	0.00304323	3687.09	167.226	0.255745	1826.36	871.432	7.33741	1.61661	615	0	-4.24399	0	20	20
0.00518532	0.00300299	3631.75	166.841	0.220224	1785.31	857.291	7.30591	1.61661	615	0	-4.1114	0	20	20
0.0051928	0.00296294	3576.9	166.451	0.189625	1744.72	843.174	7.27435	1.61661	615	0	-3.98153	0	20	20
0.00520032	0.00292311	3522.57	166.055	0.163268	1704.59	829.087	7.24286	1.61661	615	0	-3.85445	0	20	20
0.00520792	0.00288349	3468.76	165.654	0.140567	1664.92	815.038	7.21121	1.61661	615	0	-3.73007	0	20	20
0.00521559	0.00284409	3415.47	165.247	0.121018	1625.71	801.032	7.17945	1.61661	615	0	-3.6084	0	20	20
0.00522329	0.00280493	3362.73	164.835	0.104184	1586.98	787.074	7.14773	1.61661	615	0	-3.48949	0	20	20
0.00523109	0.002766	3310.54	164.416	0.0896893	1548.72	773.169	7.11579	1.61661	615	0	-3.37324	0	20	20
0.005239	0.00272731	3258.9	163.992	0.0772089	1510.93	759.323	7.08363	1.61661	615	0	-3.25963	0	20	20
0.00524695	0.00268889	3207.83	163.562	0.0664636	1473.62	745.541	7.05148	1.61661	615	0	-3.14873	0	20	20
0.00525501	0.00265073	3157.32	163.127	0.0572127	1436.8	731.827	7.01906	1.61661	615	0	-3.04044	0	20	20
0.0052632	0.00261282	3107.4	162.685	0.0492485	1400.45	718.187	6.98634	1.61661	615	0	-2.93474	0	20	20
0.0052715	0.00257519	3058.06	162.238	0.0423924	1364.59	704.624	6.95341	1.61661	615	0	-2.83163	0	20	20
0.0052799	0.00253785	3009.31	161.785	0.0364903	1329.22	691.143	6.92029	1.61661	615	0	-2.73111	0	20	20
0.00528844	0.00250079	2961.16	161.325	0.0314096	1294.34	677.749	6.8868	1.61661	615	0	-2.6331	0	20	20
0.00529714	0.00246403	2913.61	160.86	0.027036	1259.95	664.447	6.85291	1.61661	615	0	-2.53759	0	20	20
0.00530597	0.00242757	2866.69	160.389	0.0232712	1226.06	651.24	6.81876	1.61661	615	0	-2.4446	0	20	20
0.00531494	0.00239144	2820.38	159.911	0.0200306	1192.67	638.135	6.78429	1.61661	615	0	-2.35408	0	20	20
0.00532409	0.00235562	2774.71	159.428	0.0172411	1159.78	625.134	6.74937	1.61661	615	0	-2.26599	0	20	20
0.00533342	0.00232013	2729.68	158.938	0.01484	1127.4	612.244	6.71401	1.61661	615	0	-2.18032	0	20	20
0.00534294	0.00228498	2685.31	158.442	0.0127733	1095.54	599.468	6.67819	1.61661	615	0	-2.09703	0	20	20
0.0053526	0.00225021	2641.59	157.94	0.0109943	1064.19	586.812	6.6421	1.61661	615	0	-2.01616	0	20	20
0.00536246	0.00221579	2598.55	157.431	0.00946308	1033.36	574.28	6.60552	1.61661	615	0	-1.93762	0	20	20
0.00537253	0.00218176	2556.18	156.917	0.00814509	1003.06	561.877	6.56847	1.61661	615	0	-1.8614	0	20	20
0.0053828	0.00214811	2514.51	156.396	0.00701065	973.297	549.608	6.53095	1.61661	615	0	-1.78748	0	20	20
0.00539327	0.00211487	2473.54	155.868	0.0060342	944.07	537.478	6.49296	1.61661	615	0	-1.71583	0	20	20
0.00540395	0.00208205	2433.29	155.335	0.00519374	915.387	525.491	6.45457	1.61661	615	0	-1.64644	0	20	20
0.0054148	0.00204967	2393.76	154.795	0.00447034	887.255	513.652	6.41583	1.61661	615	0	-1.57929	0	20	20
0.00542586	0.00201774	2354.97	154.249	0.00384768	859.68	501.966	6.37666	1.61661	615	0	-1.51434	0	20	20
0.00543713	0.00198628	2316.92	153.696	0.00331176	832.669	490.439	6.3371	1.61661	615	0	-1.45156	0	20	20
0.0054486	0.00195529	2279.63	153.137	0.00285047	806.227	479.075	6.29718	1.61661	615	0	-1.39092	0	20	20
0.00546026	0.0019248	2243.11	152.571	0.00245344	780.361	467.878	6.25693	1.61661	615	0	-1.33241	0	20	20
0.00547209	0.00189483	2207.38	151.999	0.0021117	755.079	456.854	6.21641	1.61661	615	0	-1.27598	0	20	20
0.0054841	0.00186539	2172.43	151.421	0.00181757	730.387	446.007	6.17567	1.61661	615	0	-1.22162	0	20	20
0.00549626	0.0018365	2138.29	150.836	0.0015644	706.291	435.343	6.13477	1.61661	615	0	-1.16929	0	20	20
0.00550856	0.00180819	2104.97	150.245	0.00134649	682.799	424.865	6.09378	1.61661	615	0	-1.11897	0	20	20
0.00552097	0.00178046	2072.47	149.647	0.00115894	659.917	414.58	6.05278	1.61661	615	0	-1.07063	0	20	20
0.00553346	0.00175333	2040.81	149.043	0.000997512	637.653	404.491	6.01187	1.61661	615	0	-1.02424	0	20	20
0.00554601	0.00172684	2010	148.432	0.000858568	616.013	394.602	5.97114	1.61661	615	0	-0.979768	0	20	20
0.00555859	0.001701	1980.05	147.815	0.000738977	595.003	384.92	5.9307	1.61661	615	0	-0.937184	0	20	20
0.00557115	0.00167582	1950.97	147.192	0.000636045	574.63	375.448	5.89068	1.61661	615	0	-0.896458	0	20	20
0.00558365	0.00165134	1922.76	146.562	0.000547449	554.902	366.19	5.85122	1.61661	615	0	-0.857561	0	20	20
0.00559604	0.00162757	1895.45	145.926	0.000471194	535.823	357.151	5.81244	1.61661	615	0	-0.820462	0	20	20
0.00560827	0.00160453	1869.02	145.283	0.000405561	517.394	348.333	5.77448	1.61661	615	0	-0.785117	0	20	20
0.00562035	0.00158219	1843.46	144.634	0.00034907	499.598	339.733	5.73732	1.61661	615	0	-0.751447	0	20	20
0.00563229	0.00156054	1818.75	143.979	0.000300448	482.415	331.344	5.70092	1.61661	615	0	-0.719363	0	20	20
0.00564409	0.00153956	1794.85	143.317	0.000258598	465.822	323.164	5.66524	1.61661	615	0	-0.688783	0	20	20
0.00565577	0.00151923	1771.73	142.649	0.000222577	449.801	315.185	5.63023	1.61661	615	0	-0.659626	0	20	20
0.00566732	0.00149952	1749.37	141.975	0.000191574	434.33	307.403	5.59585	1.61661	615	0	-0.631817	0	20	20
0.00567877	0.00148041	1727.76	141.295	0.000164889	419.391	299.813	5.56207	1.61661	615	0	-0.605287	0	20	20
0.00569013	0.00146189	1706.85	140.608	0.000141922	404.966	292.41	5.52885	1.61661	615	0	-0.579969	0	20	20
0.00570139	0.00144394	1686.63	139.915	0.000122153	391.038	285.191	5.49615	1.61661	615	0	-0.555798	0	20	20
0.00571256	0.00142654	1667.09	139.216	0.000105138	377.588	278.149	5.46395	1.61661	615	0	-0.532716	0	20	20
0.00572367	0.00140967	1648.18	138.511	9.04933e-05	364.601	271.282	5.43222	1.61661	615	0	-0.510667	0	20	20
0.0057347	0.00139331	1629.9	137.8	7.78883e-05	352.061	264.584	5.40093	1.61661	615	0	-0.489597	0	20	20
0.00574567	0.00137745	1612.23	137.083	6.70391e-05	339.952	258.051	5.37004	1.61661	615	0	-0.469455	0	20	20
0.00575659	0.00136207	1595.14	136.36	5.77011e-05	328.259	251.68	5.33954	1.61661	615	0	-0.450194	0	20	20
0.00576746	0.00134716	1578.61	135.631	4.96638e-05	316.969	245.466	5.30941	1.61661	615	0	-0.43177	0	20	20
0.00577829	0.0013327	1562.64	134.896	4.2746e-05	306.067	239.405	5.27962	1.61661	615	0	-0.414139	0	20	20
0.00578907	0.00131868	1547.19	134.156	3.67919e-05	295.54	233.495	5.25017	1.61661	615	0	-0.397265	0	20	20
0.00579981	0.00130508	1532.25	133.41	3.1667e-05	285.375	227.73	5.22107	1.61661	615	0	-0.381109	0	20	20
0.00581052	0.0012919	1517.81	132.658	2.72561e-05	275.56	222.107	5.19225	1.61661	615	0	-0.365633	0	20	20
0.00582121	0.00127911	1503.85	131.9	2.34595e-05	266.082	216.623	5.1637	1.61661	615	0	-0.350801	0	20	20
0.00583188	0.0012667	1490.36	131.137	2.01918e-05	256.93	211.275	5.13541	1.61661	615	0	-0.336582	0	20	20
0.00584254	0.00125466	1477.31	130.369	1.73792e-05	248.093	206.058	5.10735	1.61661	615	0	-0.322944	0	20	20
0.00585319	0.00124298	1464.7	129.596	1.49585e-05	239.56	200.971	5.07952	1.61661	615	0	-0.309859	0	20	20
0.00586383	0.00123165	1452.51	128.817	1.28749e-05	231.321	196.009	5.05191	1.61661	615	0	-0.297299	0	20	20
0.00587447	0.00122066	1440.72	128.033	1.10815e-05	223.364	191.169	5.0245	1.61661	615	0	-0.285239	0	20	20
0.0058851	0.00120999	1429.33	127.243	9.53793e-06	215.682	186.449	4.99734	1.61661	615	0	-0.273659	0	20	20
0.00589572	0.00119964	1418.32	126.449	8.20938e-06	208.264	181.846	4.97038	1.61661	615	0	-0.262532	0	20	20
0.00590635	0.00118959	1407.68	125.65	7.06588e-06	201.1	177.356	4.9436	1.61661	615	0	-0.251834	0	20	20
0.00591698	0.00117984	1397.39	124.847	6.08166e-06	194.184	172.977	4.91698	1.61661	615	0	-0.241545	0	20	20
0.00592763	0.00117037	1387.45	124.038	5.23453e-06	187.505	168.706	4.89053	1.61661	615	0	-0.231643	0	20	20
0.0059383	0.00116118	1377.84	123.225	4.5054e-06	181.056	164.541	4.86423	1.61661	615	0	-0.222111	0	20	20
0.00594897	0.00115226	1368.56	122.407	3.87783e-06	174.828	160.478	4.83809	1.61661	615	0	-0.212931	0	20	20
0.00595964	0.0011436	1359.59	121.585	3.33768e-06	168.815	156.516	4.81216	1.61661	615	0	-0.204092	0	20	20
0.00597032	0.00113518	1350.92	120.759	2.87277e-06	163.009	152.652	4.78638	1.61661	615	0	-0.195571	0	20	20
0.00598102	0.00112701	1342.54	119.928	2.47262e-06	157.402	148.883	4.76073	1.61661	615	0	-0.187354	0	20	20
0.00599175	0.00111908	1334.45	119.094	2.1282e-06	151.988	145.207	4.73522	1.61661	615	0	-0.179426	0	20	20
0.00600249	0.00111137	1326.63	118.255	1.83176e-06	146.761	141.622	4.70984	1.61661	615	0	-0.171773	0	20	20
0.00601324	0.00110388	1319.07	117.413	1.57661e-06	141.713	138.125	4.68462	1.61661	615	0	-0.164384	0	20	20
0.00602399	0.00109661	1311.77	116.567	1.357e-06	136.839	134.715	4.65958	1.61661	615	0	-0.157249	0	20	20
0.00603477	0.00108954	1304.72	115.718	1.16798e-06	132.132	131.389	4.63467	1.61661	615	0	-0.150353	0	20	20
0.00604556	0.00108267	1297.91	114.865	1.00529e-06	127.588	128.145	4.60989	1.61661	615	0	-0.143684	0	20	20
0.00605637	0.001076	1291.33	114.009	8.65262e-07	123.199	124.981	4.58525	1.61661	615	0	-0.137232	0	20	20
0.0060672	0.00106951	1284.97	113.149	7.44738e-07	118.962	121.895	4.56074	1.61661	615	0	-0.130986	0	20	20
0.00607802	0.00106321	1278.84	112.287	6.41002e-07	114.87	118.885	4.53643	1.61661	615	0	-0.124943	0	20	20
0.00608886	0.00105708	1272.91	111.421	5.51715e-07	110.919	115.95	4.51225	1.61661	615	0	-0.119089	0	20	20
0.0060997	0.00105112	1267.19	110.553	4.74866e-07	107.104	113.087	4.48822	1.61661	615	0	-0.113415	0	20	20
0.00611057	0.00104533	1261.66	109.682	4.08721e-07	103.421	110.295	4.46432	1.61661	615	0	-0.107913	0	20	20
0.00612143	0.0010397	1256.33	108.809	3.51789e-07	99.8635	107.572	4.44059	1.61661	615	0	-0.102575	0	20	20
0.00613229	0.00103422	1251.17	107.933	3.02788e-07	96.4287	104.916	4.41705	1.61661	615	0	-0.0973995	0	20	20
0.00614315	0.0010289	1246.2	107.056	2.60612e-07	93.1121	102.325	4.39366	1.61661	615	0	-0.0923738	0	20	20
0.00615402	0.00102372	1241.4	106.176	2.24311e-07	89.9096	99.799	4.37043	1.61661	615	0	-0.087492	0	20	20
0.00616488	0.00101868	1236.77	105.294	1.93066e-07	86.8172	97.335	4.34736	1.61661	615	0	-0.082748	0	20	20
0.00617574	0.00101378	1232.3	104.411	1.66173e-07	83.8311	94.9318	4.32448	1.61661	615	0	-0.0781387	0	20	20
0.00618657	0.00100902	1227.98	103.526	1.43027e-07	80.9478	92.5879	4.30179	1.61661	615	0	-0.0736577	0	20	20
0.0061974	0.00100439	1223.82	102.639	1.23104e-07	78.1636	90.3019	4.27928	1.61661	615	0	-0.0692981	0	20	20
0.00620822	0.00099988	1219.81	101.751	1.05957e-07	75.4752	88.0723	4.25695	1.61661	615	0	-0.0650552	0	20	20
0.00621902	0.000995496	1215.93	100.862	9.11979e-08	72.8793	85.8978	4.23482	1.61661	615	0	-0.0609251	0	20	20
0.00622978	0.000991233	1212.19	99.9722	7.84948e-08	70.3726	83.777	4.21291	1.61661	615	0	-0.0569058	0	20	20
0.00624052	0.000987086	1208.59	99.0814	6.75611e-08	67.9522	81.7085	4.1912	1.61661	615	0	-0.0529902	0	20	20
0.00625123	0.000983051	1205.11	98.1899	5.81504e-08	65.615	79.6912	4.16969	1.61661	615	0	-0.0491745	0	20	20
0.00626191	0.000979126	1201.76	97.2979	5.00505e-08	63.3582	77.7236	4.14839	1.61661	615	0	-0.0454553	0	20	20
0.00627254	0.00097531	1198.53	96.4055	4.30789e-08	61.179	75.8046	4.12734	1.61661	615	0	-0.0418322	0	20	20
0.00628312	0.000971599	1195.42	95.5129	3.70783e-08	59.0748	73.933	4.10651	1.61661	615	0	-0.0382991	0	20	20
0.00629367	0.000967988	1192.41	94.6203	3.19136e-08	57.0429	72.1075	4.08591	1.61661	615	0	-0.034853	0	20	20
0.00630416	0.000964477	1189.52	93.7278	2.74683e-08	55.081	70.3272	4.06555	1.61661	615	0	-0.0314913	0	20	20
0.00631458	0.000961063	1186.74	92.8355	2.36422e-08	53.1865	68.5908	4.04545	1.61661	615	0	-0.0282135	0	20	20
0.00632494	0.000957744	1184.05	91.9436	2.0349e-08	51.3572	66.8973	4.0256	1.61661	615	0	-0.0250156	0	20	20
0.00633524	0.000954517	1181.46	91.0524	1.75146e-08	49.5907	65.2456	4.006	1.61661	615	0	-0.021895	0	20	20
0.00634546	0.00095138	1178.97	90.1618	1.50749e-08	47.8851	63.6347	3.98667	1.61661	615	0	-0.0188497	0	20	20
0.0063556	0.000948331	1176.58	89.2721	1.29751e-08	46.2381	62.0635	3.96761	1.61661	615	0	-0.0158791	0	20	20
0.00636566	0.000945369	1174.27	88.3835	1.11678e-08	44.6478	60.5312	3.94884	1.61661	615	0	-0.012981	0	20	20
0.00637563	0.00094249	1172.05	87.4961	9.61219e-09	43.1121	59.0367	3.93034	1.61661	615	0	-0.0101529	0	20	20
0.00638551	0.000939693	1169.91	86.61	8.27329e-09	41.6293	57.579	3.91213	1.61661	615	0	-0.00739337	0	20	20
0.00639529	0.000936977	1167.85	85.7254	7.12089e-09	40.1975	56.1574	3.89421	1.61661	615	0	-0.00470176	0	20	20
0.00640496	0.00093434	1165.87	84.8425	6.129e-09	38.8149	54.7709	3.87659	1.61661	615	0	-0.00207724	0	20	20
0.00641453	0.000931779	1163.97	83.9614	5.27528e-09	37.4799	53.4186	3.85927	1.61661	615	0	0.000482504	0	20	20
0.00642399	0.000929294	1162.14	83.0822	4.54048e-09	36.1908	52.0997	3.84226	1.61661	615	0	0.00297854	0	20	20
0.00643332	0.000926882	1160.38	82.2051	3.90803e-09	34.946	50.8133	3.82555	1.61661	615	0	0.00541181	0	20	20
0.00644254	0.000924542	1158.69	81.3303	3.36367e-09	33.7441	49.5587	3.80916	1.61661	615	0	0.00778187	0	20	20
0.00645162	0.000922273	1157.07	80.4579	2.89514e-09	32.5834	48.3351	3.79309	1.61661	615	0	0.0100911	0	20	20
0.00646058	0.000920073	1155.5	79.588	2.49187e-09	31.4627	47.1417	3.77733	1.61661	615	0	0.0123402	0	20	20
0.00646941	0.000917941	1154.01	78.7207	2.14477e-09	30.3806	45.9778	3.7619	1.61661	615	0	0.0145301	0	20	20
0.00647809	0.000915874	1152.57	77.8563	1.84602e-09	29.3357	44.8426	3.74678	1.61661	615	0	0.0166609	0	20	20
0.00648664	0.000913872	1151.19	76.9948	1.58888e-09	28.3267	43.7354	3.73199	1.61661	615	0	0.0187335	0	20	20
0.00649504	0.000911934	1149.86	76.1364	1.36757e-09	27.3524	42.6556	3.71753	1.61661	615	0	0.0207491	0	20	20
0.0065033	0.000910057	1148.59	75.2813	1.17707e-09	26.4116	41.6024	3.70339	1.61661	615	0	0.0227085	0	20	20
0.00651141	0.00090824	1147.37	74.4294	1.01312e-09	25.5032	40.5753	3.68956	1.61661	615	0	0.0246124	0	20	20
0.00651937	0.000906482	1146.2	73.5811	8.71998e-10	24.626	39.5735	3.67607	1.61661	615	0	0.0264611	0	20	20
0.00652718	0.000904782	1145.07	72.7364	7.50536e-10	23.779	38.5964	3.66289	1.61661	615	0	0.0282556	0	20	20
0.00653483	0.000903138	1144	71.8953	6.45992e-10	22.9612	37.6434	3.65003	1.61661	615	0	0.029997	0	20	20
0.00654234	0.000901549	1142.97	71.0582	5.56011e-10	22.1714	36.714	3.63748	1.61661	615	0	0.0316862	0	20	20
0.00654969	0.000900012	1141.98	70.225	4.78563e-10	21.4088	35.8075	3.62525	1.61661	615	0	0.033324	0	20	20
0.00655689	0.000898528	1141.03	69.3959	4.11903e-10	20.6725	34.9235	3.61332	1.61661	615	0	0.034911	0	20	20
0.00656393	0.000897095	1140.13	68.571	3.54528e-10	19.9615	34.0612	3.6017	1.61661	615	0	0.0364481	0	20	20
0.00657082	0.00089571	1139.26	67.7505	3.05145e-10	19.2749	33.2202	3.59038	1.61661	615	0	0.0379366	0	20	20
0.00657757	0.000894373	1138.43	66.9343	2.62641e-10	18.612	32.4	3.57935	1.61661	615	0	0.0393774	0	20	20
0.00658416	0.000893083	1137.64	66.1227	2.26057e-10	17.9718	31.6	3.56861	1.61661	615	0	0.0407716	0	20	20
0.0065906	0.000891838	1136.88	65.3158	1.94569e-10	17.3537	30.8198	3.55816	1.61661	615	0	0.0421202	0	20	20
0.0065969	0.000890636	1136.16	64.5135	1.67467e-10	16.7568	30.0589	3.54798	1.61661	615	0	0.0434241	0	20	20
0.00660305	0.000889477	1135.46	63.7161	1.4414e-10	16.1805	29.3167	3.53807	1.61661	615	0	0.0446844	0	20	20
0.00660906	0.000888359	1134.8	62.9236	1.24063e-10	15.6239	28.5929	3.52843	1.61661	615	0	0.0459023	0	20	20
0.00661493	0.000887281	1134.17	62.1362	1.06782e-10	15.0866	27.8869	3.51904	1.61661	615	0	0.0470789	0	20	20
0.00662066	0.000886242	1133.57	61.3539	9.1908e-11	14.5677	27.1984	3.50991	1.61661	615	0	0.0482155	0	20	20
0.00662626	0.000885239	1132.99	60.5767	7.91059e-11	14.0666	26.5269	3.50102	1.61661	615	0	0.0493131	0	20	20
0.00663173	0.000884273	1132.45	59.8049	6.80871e-11	13.5828	25.8719	3.49237	1.61661	615	0	0.0503728	0	20	20
0.00663706	0.000883342	1131.92	59.0384	5.86031e-11	13.1156	25.2332	3.48395	1.61661	615	0	0.0513958	0	20	20
0.00664227	0.000882444	1131.42	58.2773	5.04402e-11	12.6645	24.6101	3.47576	1.61661	615	0	0.0523831	0	20	20
0.00664736	0.000881579	1130.95	57.5218	4.34142e-11	12.2289	24.0025	3.46779	1.61661	615	0	0.0533359	0	20	20
0.00665233	0.000880745	1130.5	56.7719	3.7367e-11	11.8083	23.4099	3.46002	1.61661	615	0	0.0542555	0	20	20
0.00665718	0.000879942	1130.07	56.0276	3.21621e-11	11.4022	22.8319	3.45246	1.61661	615	0	0.0551429	0	20	20
0.00666192	0.000879167	1129.66	55.289	2.76821e-11	11.01	22.2682	3.4451	1.61661	615	0	0.0559992	0	20	20
0.00666655	0.000878421	1129.27	54.5562	2.38262e-11	10.6313	21.7184	3.43792	1.61661	615	0	0.0568254	0	20	20
0.00667107	0.000877702	1128.91	53.8293	2.05074e-11	10.2657	21.1821	3.43094	1.61661	615	0	0.0576227	0	20	20
0.00667549	0.000877009	1128.56	53.1082	1.76509e-11	9.91258	20.6592	3.42413	1.61661	615	0	0.058392	0	20	20
0.00667981	0.000876341	1128.23	52.3932	1.51923e-11	9.57164	20.1491	3.41749	1.61661	615	0	0.0591343	0	20	20
0.00668403	0.000875698	1127.91	51.6841	1.30761e-11	9.24242	19.6516	3.41102	1.61661	615	0	0.0598507	0	20	20
0.00668816	0.000875078	1127.62	50.981	1.12547e-11	8.92453	19.1664	3.40472	1.61661	615	0	0.0605421	0	20	20
0.00669219	0.00087448	1127.34	50.2841	9.68703e-12	8.61758	18.6932	3.39856	1.61661	615	0	0.0612095	0	20	20
0.00669614	0.000873904	1127.07	49.5933	8.3377e-12	8.32118	18.2316	3.39256	1.61661	615	0	0.0618538	0	20	20
0.0067	0.000873349	1126.82	48.9087	7.17633e-12	8.03498	17.7815	3.3867	1.61661	615	0	0.0624759	0	20	20
0.00670377	0.000872813	1126.59	48.2303	6.17672e-12	7.75862	17.3425	3.38097	1.61661	615	0	0.0630766	0	20	20
0.00670747	0.000872297	1126.37	47.5582	5.31635e-12	7.49176	16.9143	3.37539	1.61661	615	0	0.0636567	0	20	20
0.00671109	0.0008718	1126.16	46.8923	4.57583e-12	7.23409	16.4967	3.36993	1.61661	615	0	0.0642171	0	20	20
0.00671464	0.00087132	1125.96	46.2327	3.93845e-12	6.98527	16.0894	3.36459	1.61661	615	0	0.0647585	0	20	20
0.00671811	0.000870858	1125.78	45.5795	3.38986e-12	6.74502	15.6921	3.35938	1.61661	615	0	0.0652816	0	20	20
0.00672151	0.000870411	1125.61	44.9326	2.91768e-12	6.51303	15.3047	3.35428	1.61661	615	0	0.0657873	0	20	20
0.00672485	0.000869981	1125.45	44.2921	2.51127e-12	6.28901	14.9268	3.34929	1.61661	615	0	0.0662761	0	20	20
0.00672812	0.000869566	1125.3	43.658	2.16147e-12	6.07271	14.5583	3.34441	1.61661	615	0	0.0667488	0	20	20
0.00673133	0.000869166	1125.16	43.0302	1.86039e-12	5.86384	14.1988	3.33963	1.61661	615	0	0.0672061	0	20	20
0.00673447	0.000868779	1125.04	42.409	1.60125e-12	5.66215	13.8482	3.33495	1.61661	615	0	0.0676483	0	20	20
0.00673756	0.000868406	1124.92	41.7941	1.37821e-12	5.46741	13.5063	3.33037	1.61661	615	0	0.0680763	0	20	20
0.00674059	0.000868047	1124.81	41.1856	1.18624e-12	5.27936	13.1729	3.32587	1.61661	615	0	0.0684906	0	20	20
0.00674357	0.000867699	1124.71	40.5837	1.02101e-12	5.09778	12.8476	3.32147	1.61661	615	0	0.0688917	0	20	20
0.00674649	0.000867364	1124.62	39.9881	8.78787e-13	4.92244	12.5304	3.31715	1.61661	615	0	0.0692801	0	20	20
0.00674937	0.00086704	1124.54	39.399	7.56379e-13	4.75313	12.221	3.31292	1.61661	615	0	0.0696564	0	20	20
0.00675197	0.000866752	1124.47	38.8163	6.51022e-13	4.58965	11.9193	3.30909	1.61661	615	0	0.0701164	0	20	20
0.00675323	0.000866625	1124.4	38.2401	5.60339e-13	4.43179	11.625	3.30724	1.61661	615	0	0.0711212	0	20	20
0.00675452	0.000866502	1124.35	37.6703	4.82289e-13	4.27936	11.338	3.30535	1.61661	615	0	0.0720826	0	20	20
0.00675584	0.000866382	1124.31	37.1069	4.1511e-13	4.13218	11.058	3.30341	1.61661	615	0	0.0730024	0	20	20
0.00675719	0.000866267	1124.28	36.5499	3.57288e-13	3.99005	10.785	3.30143	1.61661	615	0	0.073882	0	20	20
0.00675857	0.000866155	1124.26	35.9993	3.07521e-13	3.85282	10.5187	3.29941	1.61661	615	0	0.074723	0	20	20
0.00675997	0.000866046	1124.25	35.4551	2.64686e-13	3.7203	10.259	3.29735	1.61661	615	0	0.0755268	0	20	20
0.00676141	0.00086594	1124.25	34.9173	2.27817e-13	3.59234	10.0057	3.29526	1.61661	615	0	0.076295	0	20	20
0.00676287	0.000865837	1124.26	34.3858	1.96084e-13	3.46878	9.75869	3.29312	1.61661	615	0	0.0770288	0	20	20
0.00676435	0.000865736	1124.28	33.8607	1.68771e-13	3.34948	9.51775	3.29095	1.61661	615	0	0.0777295	0	20	20
0.00676586	0.000865637	1124.3	33.3418	1.45263e-13	3.23427	9.28276	3.28875	1.61661	615	0	0.0783985	0	20	20
0.00676739	0.000865541	1124.33	32.8292	1.25029e-13	3.12303	9.05357	3.28652	1.61661	615	0	0.0790369	0	20	20
0.00676895	0.000865446	1124.37	32.3229	1.07613e-13	3.01562	8.83003	3.28425	1.61661	615	0	0.0796459	0	20	20
0.00677053	0.000865353	1124.41	31.8229	9.26235e-14	2.9119	8.61202	3.28196	1.61661	615	0	0.0802267	0	20	20
0.00677212	0.000865262	1124.47	31.329	7.97218e-14	2.81174	8.39939	3.27964	1.61661	615	0	0.0807804	0	20	20
0.00677374	0.000865173	1124.52	30.8413	6.86172e-14	2.71503	8.192	3.27729	1.61661	615	0	0.081308	0	20	20
0.00677538	0.000865084	1124.59	30.3597	5.90593e-14	2.62165	7.98974	3.27491	1.61661	615	0	0.0818105	0	20	20
0.00677703	0.000864998	1124.65	29.8843	5.08329e-14	2.53148	7.79248	3.27252	1.61661	615	0	0.0822889	0	20	20
0.0067787	0.000864912	1124.73	29.4149	4.37522e-14	2.44441	7.60008	3.2701	1.61661	615	0	0.0827441	0	20	20
0.00678039	0.000864827	1124.8	28.9516	3.76579e-14	2.36034	7.41243	3.26766	1.61661	615	0	0.0831772	0	20	20
0.00678209	0.000864743	1124.89	28.4943	3.24125e-14	2.27915	7.22942	3.2652	1.61661	615	0	0.0835889	0	20	20
0.0067838	0.000864661	1124.97	28.0429	2.78977e-14	2.20076	7.05092	3.26272	1.61661	615	0	0.08398	0	20	20
0.00678553	0.000864579	1125.06	27.5975	2.40117e-14	2.12507	6.87684	3.26023	1.61661	615	0	0.0843516	0	20	20
0.00678727	0.000864497	1125.16	27.158	2.06671e-14	2.05198	6.70705	3.25772	1.61661	615	0	0.0847042	0	20	20
0.00678902	0.000864417	1125.26	26.7243	1.77883e-14	1.9814	6.54145	3.2552	1.61661	615	0	0.0850387	0	20	20
0.00679079	0.000864337	1125.36	26.2965	1.53106e-14	1.91325	6.37994	3.25267	1.61661	615	0	0.0853558	0	20	20
0.00679256	0.000864258	1125.46	25.8744	1.31779e-14	1.84745	6.22242	3.25012	1.61661	615	0	0.0856562	0	20	20
0.00679434	0.000864179	1125.57	25.458	1.13423e-14	1.7839	6.06879	3.24757	1.61661	615	0	0.0859406	0	20	20
0.00679613	0.000864101	1125.68	25.0473	9.76244e-15	1.72255	5.91895	3.24501	1.61661	615	0	0.0862097	0	20	20
0.00679792	0.000864024	1125.79	24.6423	8.40261e-15	1.6633	5.77281	3.24243	1.61661	615	0	0.086464	0	20	20
0.00679973	0.000863946	1125.91	24.2428	7.2322e-15	1.60609	5.63028	3.23986	1.61661	615	0	0.0867042	0	20	20
0.00680154	0.00086387	1126.02	23.8489	6.22481e-15	1.55085	5.49126	3.23727	1.61661	615	0	0.086931	0	20	20
0.00680335	0.000863793	1126.14	23.4604	5.35774e-15	1.49751	5.35569	3.23468	1.61661	615	0	0.0871447	0	20	20
0.00680517	0.000863717	1126.27	23.0775	4.61145e-15	1.446	5.22345	3.23209	1.61661	615	0	0.0873461	0	20	20
0.00680699	0.000863641	1126.39	22.6999	3.96911e-15	1.39627	5.09449	3.2295	1.61661	615	0	0.0875355	0	20	20
0.00680882	0.000863566	1126.51	22.3277	3.41625e-15	1.34825	4.9687	3.2269	1.61661	615	0	0.0877136	0	20	20
0.00681064	0.00086349	1126.64	21.9608	2.94039e-15	1.30187	4.84602	3.2243	1.61661	615	0	0.0878808	0	20	20
0.00681247	0.000863415	1126.77	21.5991	2.53082e-15	1.2571	4.72638	3.2217	1.61661	615	0	0.0880376	0	20	20
0.00681431	0.00086334	1126.89	21.2427	2.1783e-15	1.21386	4.60968	3.2191	1.61661	615	0	0.0881844	0	20	20
0.00681614	0.000863265	1127.02	20.8914	1.87488e-15	1.17211	4.49587	3.2165	1.61661	615	0	0.0883217	0	20	20
0.00681798	0.00086319	1127.16	20.5452	1.61372e-15	1.13179	4.38486	3.21391	1.61661	615	0	0.0884498	0	20	20
0.00681981	0.000863116	1127.29	20.204	1.38894e-15	1.09287	4.2766	3.21131	1.61661	615	0	0.0885692	0	20	20
0.00682165	0.000863041	1127.42	19.8679	1.19547e-15	1.05528	4.17101	3.20872	1.61661	615	0	0.0886802	0	20	20
0.00682348	0.000862967	1127.55	19.5367	1.02895e-15	1.01898	4.06803	3.20613	1.61661	615	0	0.0887833	0	20	20
0.00682532	0.000862892	1127.69	19.2104	8.85629e-16	0.983935	3.96759	3.20355	1.61661	615	0	0.0888788	0	20	20
0.00682715	0.000862818	1127.82	18.8889	7.62268e-16	0.950093	3.86963	3.20097	1.61661	615	0	0.088967	0	20	20
0.00682898	0.000862743	1127.96	18.5723	6.5609e-16	0.917415	3.77409	3.19839	1.61661	615	0	0.0890482	0	20	20
0.00683081	0.000862669	1128.09	18.2604	5.64702e-16	0.88586	3.6809	3.19582	1.61661	615	0	0.0891228	0	20	20
0.00683264	0.000862594	1128.23	17.9532	4.86043e-16	0.855392	3.59002	3.19326	1.61661	615	0	0.0891911	0	20	20
0.00683447	0.000862519	1128.36	17.6506	4.18342e-16	0.825971	3.50139	3.1907	1.61661	615	0	0.0892533	0	20	20
0.00683629	0.000862445	1128.5	17.3526	3.6007e-16	0.797562	3.41494	3.18814	1.61661	615	0	0.0893098	0	20	20
0.00683812	0.00086237	1128.63	17.0592	3.09915e-16	0.77013	3.33062	3.1856	1.61661	615	0	0.0893608	0	20	20
0.00683993	0.000862295	1128.77	16.7702	2.66746e-16	0.743642	3.24839	3.18306	1.61661	615	0	0.0894065	0	20	20
0.00684175	0.00086222	1128.9	16.4856	2.29591e-16	0.718065	3.16818	3.18052	1.61661	615	0	0.0894473	0	20	20
0.00684356	0.000862145	1129.04	16.2055	1.97611e-16	0.693367	3.08996	3.178	1.61661	615	0	0.0894833	0	20	20
0.00684537	0.00086207	1129.18	15.9296	1.70085e-16	0.669519	3.01367	3.17548	1.61661	615	0	0.0895148	0	20	20
0.00684718	0.000861994	1129.31	15.6581	1.46393e-16	0.646491	2.93926	3.17296	1.61661	615	0	0.0895419	0	20	20
0.00684898	0.000861919	1129.45	15.3907	1.26002e-16	0.624255	2.86669	3.17046	1.61661	615	0	0.089565	0	20	20
0.00685078	0.000861843	1129.58	15.1275	1.08451e-16	0.602784	2.79591	3.16796	1.61661	615	0	0.0895841	0	20	20
0.00685257	0.000861767	1129.72	14.8685	9.33446e-17	0.582052	2.72688	3.16548	1.61661	615	0	0.0895996	0	20	20
0.00685436	0.00086169	1129.85	14.6135	8.03424e-17	0.562032	2.65955	3.163	1.61661	615	0	0.0896115	0	20	20
0.00685615	0.000861614	1129.98	14.3625	6.91514e-17	0.542702	2.59389	3.16053	1.61661	615	0	0.08962	0	20	20
0.00685793	0.000861537	1130.12	14.1155	5.95191e-17	0.524036	2.52985	3.15806	1.61661	615	0	0.0896254	0	20	20
0.00685971	0.00086146	1130.25	13.8724	5.12286e-17	0.506012	2.46738	3.15561	1.61661	615	0	0.0896277	0	20	20
0.00686148	0.000861383	1130.38	13.6332	4.40929e-17	0.488607	2.40646	3.15316	1.61661	615	0	0.0896271	0	20	20
0.00686325	0.000861305	1130.51	13.3977	3.79511e-17	0.471802	2.34705	3.15072	1.61661	615	0	0.0896239	0	20	20
0.00686502	0.000861227	1130.65	13.1661	3.26648e-17	0.455575	2.2891	3.14829	1.61661	615	0	0.089618	0	20	20
0.00686678	0.000861149	1130.78	12.9381	2.81149e-17	0.439905	2.23258	3.14587	1.61661	615	0	0.0896097	0	20	20
0.00686853	0.000861071	1130.91	12.7138	2.41987e-17	0.424775	2.17746	3.14346	1.61661	615	0	0.089599	0	20	20
0.00687029	0.000860992	1131.03	12.4932	2.0828e-17	0.410165	2.1237	3.14106	1.61661	615	0	0.0895862	0	20	20
0.00687203	0.000860913	1131.16	12.2761	1.79268e-17	0.396058	2.07126	3.13866	1.61661	615	0	0.0895712	0	20	20
0.00687377	0.000860834	1131.29	12.0625	1.54298e-17	0.382435	2.02012	3.13628	1.61661	615	0	0.0895543	0	20	20
0.00687551	0.000860754	1131.42	11.8524	1.32805e-17	0.369282	1.97025	3.1339	1.61661	615	0	0.0895355	0	20	20
0.00687725	0.000860674	1131.54	11.6457	1.14306e-17	0.35658	1.9216	3.13153	1.61661	615	0	0.089515	0	20	20
0.00687897	0.000860594	1131.67	11.4423	9.83845e-18	0.344316	1.87416	3.12917	1.61661	615	0	0.0894928	0	20	20
0.0068807	0.000860513	1131.8	11.2423	8.46803e-18	0.332473	1.82788	3.12682	1.61661	615	0	0.089469	0	20	20
0.00688242	0.000860432	1131.92	11.0456	7.2885e-18	0.321038	1.78275	3.12447	1.61661	615	0	0.0894437	0	20	20
0.00688413	0.00086035	1132.04	10.8521	6.27327e-18	0.309996	1.73874	3.12214	1.61661	615	0	0.089417	0	20	20
0.00688584	0.000860268	1132.17	10.6619	5.39946e-18	0.299334	1.69581	3.11981	1.61661	615	0	0.089389	0	20	20
0.00688755	0.000860186	1132.29	10.4747	4.64735e-18	0.289038	1.65394	3.1175	1.61661	615	0	0.0893598	0	20	20
0.00688925	0.000860103	1132.41	10.2906	4.00001e-18	0.279097	1.6131	3.11519	1.61661	615	0	0.0893294	0	20	20
0.00689095	0.00086002	1132.53	10.1096	3.44284e-18	0.269498	1.57327	3.11289	1.61661	615	0	0.0892979	0	20	20
0.00689264	0.000859937	1132.65	9.93164	2.96328e-18	0.260228	1.53443	3.1106	1.61661	615	0	0.0892654	0	20	20
0.00689433	0.000859853	1132.77	9.75661	2.55052e-18	0.251278	1.49654	3.10831	1.61661	615	0	0.0892319	0	20	20
0.00689601	0.000859769	1132.88	9.5845	2.19525e-18	0.242635	1.45959	3.10604	1.61661	615	0	0.0891975	0	20	20
0.00689769	0.000859684	1133	9.41527	1.88947e-18	0.23429	1.42356	3.10377	1.61661	615	0	0.0891622	0	20	20
0.00689936	0.000859599	1133.12	9.24887	1.62628e-18	0.226232	1.38841	3.10151	1.61661	615	0	0.0891262	0	20	20
0.00690103	0.000859514	1133.23	9.08527	1.39976e-18	0.218451	1.35413	3.09926	1.61661	615	0	0.0890894	0	20	20
0.0069027	0.000859428	1133.34	8.92441	1.20478e-18	0.210937	1.3207	3.09701	1.61661	615	0	0.0890519	0	20	20
0.00690436	0.000859342	1133.46	8.76627	1.03696e-18	0.203682	1.28809	3.09478	1.61661	615	0	0.0890138	0	20	20
0.00690602	0.000859256	1133.57	8.6108	8.92524e-19	0.196676	1.25628	3.09255	1.61661	615	0	0.088975	0	20	20
0.00690767	0.000859169	1133.68	8.45795	7.68203e-19	0.189912	1.22527	3.09033	1.61661	615	0	0.0889358	0	20	20
0.00690932	0.000859081	1133.79	8.3077	6.61198e-19	0.18338	1.19501	3.08812	1.61661	615	0	0.088896	0	20	20
0.00691096	0.000858993	1133.9	8.15999	5.69098e-19	0.177073	1.16551	3.08592	1.61661	615	0	0.0888557	0	20	20
0.0069126	0.000858905	1134.01	8.0148	4.89828e-19	0.170982	1.13673	3.08372	1.61661	615	0	0.088815	0	20	20
0.00691424	0.000858817	1134.12	7.87207	4.21598e-19	0.165101	1.10867	3.08153	1.61661	615	0	0.0887739	0	20	20
0.00691587	0.000858728	1134.23	7.73179	3.62873e-19	0.159423	1.08129	3.07935	1.61661	615	0	0.0887325	0	20	20
0.0069175	0.000858638	1134.33	7.59389	3.12328e-19	0.153939	1.0546	3.07718	1.61661	615	0	0.0886907	0	20	20
0.00691913	0.000858548	1134.44	7.45836	2.68823e-19	0.148645	1.02856	3.07501	1.61661	615	0	0.0886486	0	20	20
0.00692075	0.000858458	1134.54	7.32515	2.31378e-19	0.143532	1.00316	3.07285	1.61661	615	0	0.0886062	0	20	20
0.00692236	0.000858367	1134.64	7.19422	1.99149e-19	0.138595	0.978395	3.0707	1.61661	615	0	0.0885636	0	20	20
0.00692397	0.000858276	1134.75	7.06554	1.71409e-19	0.133829	0.954239	3.06855	1.61661	615	0	0.0885207	0	20	20
0.00692558	0.000858185	1134.85	6.93908	1.47533e-19	0.129226	0.930679	3.06642	1.61661	615	0	0.0884777	0	20	20
0.00692719	0.000858093	1134.95	6.8148	1.26983e-19	0.124781	0.9077	3.06429	1.61661	615	0	0.0884344	0	20	20
0.00692879	0.000858001	1135.05	6.69266	1.09295e-19	0.120489	0.885289	3.06216	1.61661	615	0	0.0883911	0	20	20
